Numero de nodos: 15
Numero de aristas: 20
Nodo de inicio: 0
Nodo de fin: 14
//////////////////////////////////////////////
Iteracion: 1
	Nodo: 0
	Nodos generados: 1 2 
	Nodos visitados: 0 
Iteracion: 2
	Nodo: 1
	Nodos generados: 1 2 2 3 
	Nodos visitados: 0 1 
Iteracion: 3
	Nodo: 2
	Nodos generados: 1 2 2 3 1 3 10 
	Nodos visitados: 0 1 2 
Iteracion: 4
	Nodo: 2
	Nodos generados: 1 2 2 3 1 3 10 3 10 
	Nodos visitados: 0 1 2 2 
Iteracion: 5
	Nodo: 3
	Nodos generados: 1 2 2 3 1 3 10 3 10 2 5 11 
	Nodos visitados: 0 1 2 2 3 
Iteracion: 6
	Nodo: 1
	Nodos generados: 1 2 2 3 1 3 10 3 10 2 5 11 3 
	Nodos visitados: 0 1 2 2 3 1 
Iteracion: 7
	Nodo: 3
	Nodos generados: 1 2 2 3 1 3 10 3 10 2 5 11 3 1 5 11 
	Nodos visitados: 0 1 2 2 3 1 3 
Iteracion: 8
	Nodo: 10
	Nodos generados: 1 2 2 3 1 3 10 3 10 2 5 11 3 1 5 11 5 9 
	Nodos visitados: 0 1 2 2 3 1 3 10 
Iteracion: 9
	Nodo: 3
	Nodos generados: 1 2 2 3 1 3 10 3 10 2 5 11 3 1 5 11 5 9 5 11 
	Nodos visitados: 0 1 2 2 3 1 3 10 3 
Iteracion: 10
	Nodo: 10
	Nodos generados: 1 2 2 3 1 3 10 3 10 2 5 11 3 1 5 11 5 9 5 11 5 9 
	Nodos visitados: 0 1 2 2 3 1 3 10 3 10 
Iteracion: 11
	Nodo: 2
	Nodos generados: 1 2 2 3 1 3 10 3 10 2 5 11 3 1 5 11 5 9 5 11 5 9 10 
	Nodos visitados: 0 1 2 2 3 1 3 10 3 10 2 
Iteracion: 12
	Nodo: 5
	Nodos generados: 1 2 2 3 1 3 10 3 10 2 5 11 3 1 5 11 5 9 5 11 5 9 10 4 7 9 10 
	Nodos visitados: 0 1 2 2 3 1 3 10 3 10 2 5 
Iteracion: 13
	Nodo: 11
	Nodos generados: 1 2 2 3 1 3 10 3 10 2 5 11 3 1 5 11 5 9 5 11 5 9 10 4 7 9 10 4 
	Nodos visitados: 0 1 2 2 3 1 3 10 3 10 2 5 11 
Iteracion: 14
	Nodo: 3
	Nodos generados: 1 2 2 3 1 3 10 3 10 2 5 11 3 1 5 11 5 9 5 11 5 9 10 4 7 9 10 4 5 11 
	Nodos visitados: 0 1 2 2 3 1 3 10 3 10 2 5 11 3 
Iteracion: 15
	Nodo: 1
	Nodos generados: 1 2 2 3 1 3 10 3 10 2 5 11 3 1 5 11 5 9 5 11 5 9 10 4 7 9 10 4 5 11 
	Nodos visitados: 0 1 2 2 3 1 3 10 3 10 2 5 11 3 1 
Iteracion: 16
	Nodo: 5
	Nodos generados: 1 2 2 3 1 3 10 3 10 2 5 11 3 1 5 11 5 9 5 11 5 9 10 4 7 9 10 4 5 11 4 7 9 10 
	Nodos visitados: 0 1 2 2 3 1 3 10 3 10 2 5 11 3 1 5 
Iteracion: 17
	Nodo: 11
	Nodos generados: 1 2 2 3 1 3 10 3 10 2 5 11 3 1 5 11 5 9 5 11 5 9 10 4 7 9 10 4 5 11 4 7 9 10 4 
	Nodos visitados: 0 1 2 2 3 1 3 10 3 10 2 5 11 3 1 5 11 
Iteracion: 18
	Nodo: 5
	Nodos generados: 1 2 2 3 1 3 10 3 10 2 5 11 3 1 5 11 5 9 5 11 5 9 10 4 7 9 10 4 5 11 4 7 9 10 4 3 4 7 9 
	Nodos visitados: 0 1 2 2 3 1 3 10 3 10 2 5 11 3 1 5 11 5 
Iteracion: 19
	Nodo: 9
	Nodos generados: 1 2 2 3 1 3 10 3 10 2 5 11 3 1 5 11 5 9 5 11 5 9 10 4 7 9 10 4 5 11 4 7 9 10 4 3 4 7 9 5 
	Nodos visitados: 0 1 2 2 3 1 3 10 3 10 2 5 11 3 1 5 11 5 9 
Iteracion: 20
	Nodo: 5
	Nodos generados: 1 2 2 3 1 3 10 3 10 2 5 11 3 1 5 11 5 9 5 11 5 9 10 4 7 9 10 4 5 11 4 7 9 10 4 3 4 7 9 5 4 7 9 10 
	Nodos visitados: 0 1 2 2 3 1 3 10 3 10 2 5 11 3 1 5 11 5 9 5 
Iteracion: 21
	Nodo: 11
	Nodos generados: 1 2 2 3 1 3 10 3 10 2 5 11 3 1 5 11 5 9 5 11 5 9 10 4 7 9 10 4 5 11 4 7 9 10 4 3 4 7 9 5 4 7 9 10 4 
	Nodos visitados: 0 1 2 2 3 1 3 10 3 10 2 5 11 3 1 5 11 5 9 5 11 
Iteracion: 22
	Nodo: 5
	Nodos generados: 1 2 2 3 1 3 10 3 10 2 5 11 3 1 5 11 5 9 5 11 5 9 10 4 7 9 10 4 5 11 4 7 9 10 4 3 4 7 9 5 4 7 9 10 4 3 4 7 9 
	Nodos visitados: 0 1 2 2 3 1 3 10 3 10 2 5 11 3 1 5 11 5 9 5 11 5 
Iteracion: 23
	Nodo: 9
	Nodos generados: 1 2 2 3 1 3 10 3 10 2 5 11 3 1 5 11 5 9 5 11 5 9 10 4 7 9 10 4 5 11 4 7 9 10 4 3 4 7 9 5 4 7 9 10 4 3 4 7 9 5 
	Nodos visitados: 0 1 2 2 3 1 3 10 3 10 2 5 11 3 1 5 11 5 9 5 11 5 9 
Iteracion: 24
	Nodo: 10
	Nodos generados: 1 2 2 3 1 3 10 3 10 2 5 11 3 1 5 11 5 9 5 11 5 9 10 4 7 9 10 4 5 11 4 7 9 10 4 3 4 7 9 5 4 7 9 10 4 3 4 7 9 5 5 9 
	Nodos visitados: 0 1 2 2 3 1 3 10 3 10 2 5 11 3 1 5 11 5 9 5 11 5 9 10 
Iteracion: 25
	Nodo: 4
	Nodos generados: 1 2 2 3 1 3 10 3 10 2 5 11 3 1 5 11 5 9 5 11 5 9 10 4 7 9 10 4 5 11 4 7 9 10 4 3 4 7 9 5 4 7 9 10 4 3 4 7 9 5 5 9 11 12 13 
	Nodos visitados: 0 1 2 2 3 1 3 10 3 10 2 5 11 3 1 5 11 5 9 5 11 5 9 10 4 
Iteracion: 26
	Nodo: 7
	Nodos generados: 1 2 2 3 1 3 10 3 10 2 5 11 3 1 5 11 5 9 5 11 5 9 10 4 7 9 10 4 5 11 4 7 9 10 4 3 4 7 9 5 4 7 9 10 4 3 4 7 9 5 5 9 11 12 13 8 13 14 
	Nodos visitados: 0 1 2 2 3 1 3 10 3 10 2 5 11 3 1 5 11 5 9 5 11 5 9 10 4 7 
Iteracion: 27
	Nodo: 9
	Nodos generados: 1 2 2 3 1 3 10 3 10 2 5 11 3 1 5 11 5 9 5 11 5 9 10 4 7 9 10 4 5 11 4 7 9 10 4 3 4 7 9 5 4 7 9 10 4 3 4 7 9 5 5 9 11 12 13 8 13 14 10 
	Nodos visitados: 0 1 2 2 3 1 3 10 3 10 2 5 11 3 1 5 11 5 9 5 11 5 9 10 4 7 9 
Iteracion: 28
	Nodo: 10
	Nodos generados: 1 2 2 3 1 3 10 3 10 2 5 11 3 1 5 11 5 9 5 11 5 9 10 4 7 9 10 4 5 11 4 7 9 10 4 3 4 7 9 5 4 7 9 10 4 3 4 7 9 5 5 9 11 12 13 8 13 14 10 2 9 
	Nodos visitados: 0 1 2 2 3 1 3 10 3 10 2 5 11 3 1 5 11 5 9 5 11 5 9 10 4 7 9 10 
Iteracion: 29
	Nodo: 4
	Nodos generados: 1 2 2 3 1 3 10 3 10 2 5 11 3 1 5 11 5 9 5 11 5 9 10 4 7 9 10 4 5 11 4 7 9 10 4 3 4 7 9 5 4 7 9 10 4 3 4 7 9 5 5 9 11 12 13 8 13 14 10 2 9 5 12 13 
	Nodos visitados: 0 1 2 2 3 1 3 10 3 10 2 5 11 3 1 5 11 5 9 5 11 5 9 10 4 7 9 10 4 
Iteracion: 30
	Nodo: 5
	Nodos generados: 1 2 2 3 1 3 10 3 10 2 5 11 3 1 5 11 5 9 5 11 5 9 10 4 7 9 10 4 5 11 4 7 9 10 4 3 4 7 9 5 4 7 9 10 4 3 4 7 9 5 5 9 11 12 13 8 13 14 10 2 9 5 12 13 4 7 9 10 
	Nodos visitados: 0 1 2 2 3 1 3 10 3 10 2 5 11 3 1 5 11 5 9 5 11 5 9 10 4 7 9 10 4 5 
Iteracion: 31
	Nodo: 11
	Nodos generados: 1 2 2 3 1 3 10 3 10 2 5 11 3 1 5 11 5 9 5 11 5 9 10 4 7 9 10 4 5 11 4 7 9 10 4 3 4 7 9 5 4 7 9 10 4 3 4 7 9 5 5 9 11 12 13 8 13 14 10 2 9 5 12 13 4 7 9 10 4 
	Nodos visitados: 0 1 2 2 3 1 3 10 3 10 2 5 11 3 1 5 11 5 9 5 11 5 9 10 4 7 9 10 4 5 11 
Iteracion: 32
	Nodo: 4
	Nodos generados: 1 2 2 3 1 3 10 3 10 2 5 11 3 1 5 11 5 9 5 11 5 9 10 4 7 9 10 4 5 11 4 7 9 10 4 3 4 7 9 5 4 7 9 10 4 3 4 7 9 5 5 9 11 12 13 8 13 14 10 2 9 5 12 13 4 7 9 10 4 11 12 13 
	Nodos visitados: 0 1 2 2 3 1 3 10 3 10 2 5 11 3 1 5 11 5 9 5 11 5 9 10 4 7 9 10 4 5 11 4 
Iteracion: 33
	Nodo: 7
	Nodos generados: 1 2 2 3 1 3 10 3 10 2 5 11 3 1 5 11 5 9 5 11 5 9 10 4 7 9 10 4 5 11 4 7 9 10 4 3 4 7 9 5 4 7 9 10 4 3 4 7 9 5 5 9 11 12 13 8 13 14 10 2 9 5 12 13 4 7 9 10 4 11 12 13 8 13 14 
	Nodos visitados: 0 1 2 2 3 1 3 10 3 10 2 5 11 3 1 5 11 5 9 5 11 5 9 10 4 7 9 10 4 5 11 4 7 
Iteracion: 34
	Nodo: 9
	Nodos generados: 1 2 2 3 1 3 10 3 10 2 5 11 3 1 5 11 5 9 5 11 5 9 10 4 7 9 10 4 5 11 4 7 9 10 4 3 4 7 9 5 4 7 9 10 4 3 4 7 9 5 5 9 11 12 13 8 13 14 10 2 9 5 12 13 4 7 9 10 4 11 12 13 8 13 14 10 
	Nodos visitados: 0 1 2 2 3 1 3 10 3 10 2 5 11 3 1 5 11 5 9 5 11 5 9 10 4 7 9 10 4 5 11 4 7 9 
Iteracion: 35
	Nodo: 10
	Nodos generados: 1 2 2 3 1 3 10 3 10 2 5 11 3 1 5 11 5 9 5 11 5 9 10 4 7 9 10 4 5 11 4 7 9 10 4 3 4 7 9 5 4 7 9 10 4 3 4 7 9 5 5 9 11 12 13 8 13 14 10 2 9 5 12 13 4 7 9 10 4 11 12 13 8 13 14 10 9 
	Nodos visitados: 0 1 2 2 3 1 3 10 3 10 2 5 11 3 1 5 11 5 9 5 11 5 9 10 4 7 9 10 4 5 11 4 7 9 10 
Iteracion: 36
	Nodo: 4
	Nodos generados: 1 2 2 3 1 3 10 3 10 2 5 11 3 1 5 11 5 9 5 11 5 9 10 4 7 9 10 4 5 11 4 7 9 10 4 3 4 7 9 5 4 7 9 10 4 3 4 7 9 5 5 9 11 12 13 8 13 14 10 2 9 5 12 13 4 7 9 10 4 11 12 13 8 13 14 10 9 5 12 13 
	Nodos visitados: 0 1 2 2 3 1 3 10 3 10 2 5 11 3 1 5 11 5 9 5 11 5 9 10 4 7 9 10 4 5 11 4 7 9 10 4 
Iteracion: 37
	Nodo: 3
	Nodos generados: 1 2 2 3 1 3 10 3 10 2 5 11 3 1 5 11 5 9 5 11 5 9 10 4 7 9 10 4 5 11 4 7 9 10 4 3 4 7 9 5 4 7 9 10 4 3 4 7 9 5 5 9 11 12 13 8 13 14 10 2 9 5 12 13 4 7 9 10 4 11 12 13 8 13 14 10 9 5 12 13 1 11 
	Nodos visitados: 0 1 2 2 3 1 3 10 3 10 2 5 11 3 1 5 11 5 9 5 11 5 9 10 4 7 9 10 4 5 11 4 7 9 10 4 3 
Iteracion: 38
	Nodo: 4
	Nodos generados: 1 2 2 3 1 3 10 3 10 2 5 11 3 1 5 11 5 9 5 11 5 9 10 4 7 9 10 4 5 11 4 7 9 10 4 3 4 7 9 5 4 7 9 10 4 3 4 7 9 5 5 9 11 12 13 8 13 14 10 2 9 5 12 13 4 7 9 10 4 11 12 13 8 13 14 10 9 5 12 13 1 11 11 12 13 
	Nodos visitados: 0 1 2 2 3 1 3 10 3 10 2 5 11 3 1 5 11 5 9 5 11 5 9 10 4 7 9 10 4 5 11 4 7 9 10 4 3 4 
Iteracion: 39
	Nodo: 7
	Nodos generados: 1 2 2 3 1 3 10 3 10 2 5 11 3 1 5 11 5 9 5 11 5 9 10 4 7 9 10 4 5 11 4 7 9 10 4 3 4 7 9 5 4 7 9 10 4 3 4 7 9 5 5 9 11 12 13 8 13 14 10 2 9 5 12 13 4 7 9 10 4 11 12 13 8 13 14 10 9 5 12 13 1 11 11 12 13 8 13 14 
	Nodos visitados: 0 1 2 2 3 1 3 10 3 10 2 5 11 3 1 5 11 5 9 5 11 5 9 10 4 7 9 10 4 5 11 4 7 9 10 4 3 4 7 
Iteracion: 40
	Nodo: 9
	Nodos generados: 1 2 2 3 1 3 10 3 10 2 5 11 3 1 5 11 5 9 5 11 5 9 10 4 7 9 10 4 5 11 4 7 9 10 4 3 4 7 9 5 4 7 9 10 4 3 4 7 9 5 5 9 11 12 13 8 13 14 10 2 9 5 12 13 4 7 9 10 4 11 12 13 8 13 14 10 9 5 12 13 1 11 11 12 13 8 13 14 
	Nodos visitados: 0 1 2 2 3 1 3 10 3 10 2 5 11 3 1 5 11 5 9 5 11 5 9 10 4 7 9 10 4 5 11 4 7 9 10 4 3 4 7 9 
Iteracion: 41
	Nodo: 5
	Nodos generados: 1 2 2 3 1 3 10 3 10 2 5 11 3 1 5 11 5 9 5 11 5 9 10 4 7 9 10 4 5 11 4 7 9 10 4 3 4 7 9 5 4 7 9 10 4 3 4 7 9 5 5 9 11 12 13 8 13 14 10 2 9 5 12 13 4 7 9 10 4 11 12 13 8 13 14 10 9 5 12 13 1 11 11 12 13 8 13 14 3 4 7 
	Nodos visitados: 0 1 2 2 3 1 3 10 3 10 2 5 11 3 1 5 11 5 9 5 11 5 9 10 4 7 9 10 4 5 11 4 7 9 10 4 3 4 7 9 5 
Iteracion: 42
	Nodo: 4
	Nodos generados: 1 2 2 3 1 3 10 3 10 2 5 11 3 1 5 11 5 9 5 11 5 9 10 4 7 9 10 4 5 11 4 7 9 10 4 3 4 7 9 5 4 7 9 10 4 3 4 7 9 5 5 9 11 12 13 8 13 14 10 2 9 5 12 13 4 7 9 10 4 11 12 13 8 13 14 10 9 5 12 13 1 11 11 12 13 8 13 14 3 4 7 11 12 13 
	Nodos visitados: 0 1 2 2 3 1 3 10 3 10 2 5 11 3 1 5 11 5 9 5 11 5 9 10 4 7 9 10 4 5 11 4 7 9 10 4 3 4 7 9 5 4 
Iteracion: 43
	Nodo: 7
	Nodos generados: 1 2 2 3 1 3 10 3 10 2 5 11 3 1 5 11 5 9 5 11 5 9 10 4 7 9 10 4 5 11 4 7 9 10 4 3 4 7 9 5 4 7 9 10 4 3 4 7 9 5 5 9 11 12 13 8 13 14 10 2 9 5 12 13 4 7 9 10 4 11 12 13 8 13 14 10 9 5 12 13 1 11 11 12 13 8 13 14 3 4 7 11 12 13 8 13 14 
	Nodos visitados: 0 1 2 2 3 1 3 10 3 10 2 5 11 3 1 5 11 5 9 5 11 5 9 10 4 7 9 10 4 5 11 4 7 9 10 4 3 4 7 9 5 4 7 
Iteracion: 44
	Nodo: 9
	Nodos generados: 1 2 2 3 1 3 10 3 10 2 5 11 3 1 5 11 5 9 5 11 5 9 10 4 7 9 10 4 5 11 4 7 9 10 4 3 4 7 9 5 4 7 9 10 4 3 4 7 9 5 5 9 11 12 13 8 13 14 10 2 9 5 12 13 4 7 9 10 4 11 12 13 8 13 14 10 9 5 12 13 1 11 11 12 13 8 13 14 3 4 7 11 12 13 8 13 14 10 
	Nodos visitados: 0 1 2 2 3 1 3 10 3 10 2 5 11 3 1 5 11 5 9 5 11 5 9 10 4 7 9 10 4 5 11 4 7 9 10 4 3 4 7 9 5 4 7 9 
Iteracion: 45
	Nodo: 10
	Nodos generados: 1 2 2 3 1 3 10 3 10 2 5 11 3 1 5 11 5 9 5 11 5 9 10 4 7 9 10 4 5 11 4 7 9 10 4 3 4 7 9 5 4 7 9 10 4 3 4 7 9 5 5 9 11 12 13 8 13 14 10 2 9 5 12 13 4 7 9 10 4 11 12 13 8 13 14 10 9 5 12 13 1 11 11 12 13 8 13 14 3 4 7 11 12 13 8 13 14 10 9 
	Nodos visitados: 0 1 2 2 3 1 3 10 3 10 2 5 11 3 1 5 11 5 9 5 11 5 9 10 4 7 9 10 4 5 11 4 7 9 10 4 3 4 7 9 5 4 7 9 10 
Iteracion: 46
	Nodo: 4
	Nodos generados: 1 2 2 3 1 3 10 3 10 2 5 11 3 1 5 11 5 9 5 11 5 9 10 4 7 9 10 4 5 11 4 7 9 10 4 3 4 7 9 5 4 7 9 10 4 3 4 7 9 5 5 9 11 12 13 8 13 14 10 2 9 5 12 13 4 7 9 10 4 11 12 13 8 13 14 10 9 5 12 13 1 11 11 12 13 8 13 14 3 4 7 11 12 13 8 13 14 10 9 5 12 13 
	Nodos visitados: 0 1 2 2 3 1 3 10 3 10 2 5 11 3 1 5 11 5 9 5 11 5 9 10 4 7 9 10 4 5 11 4 7 9 10 4 3 4 7 9 5 4 7 9 10 4 
Iteracion: 47
	Nodo: 3
	Nodos generados: 1 2 2 3 1 3 10 3 10 2 5 11 3 1 5 11 5 9 5 11 5 9 10 4 7 9 10 4 5 11 4 7 9 10 4 3 4 7 9 5 4 7 9 10 4 3 4 7 9 5 5 9 11 12 13 8 13 14 10 2 9 5 12 13 4 7 9 10 4 11 12 13 8 13 14 10 9 5 12 13 1 11 11 12 13 8 13 14 3 4 7 11 12 13 8 13 14 10 9 5 12 13 11 
	Nodos visitados: 0 1 2 2 3 1 3 10 3 10 2 5 11 3 1 5 11 5 9 5 11 5 9 10 4 7 9 10 4 5 11 4 7 9 10 4 3 4 7 9 5 4 7 9 10 4 3 
Iteracion: 48
	Nodo: 4
	Nodos generados: 1 2 2 3 1 3 10 3 10 2 5 11 3 1 5 11 5 9 5 11 5 9 10 4 7 9 10 4 5 11 4 7 9 10 4 3 4 7 9 5 4 7 9 10 4 3 4 7 9 5 5 9 11 12 13 8 13 14 10 2 9 5 12 13 4 7 9 10 4 11 12 13 8 13 14 10 9 5 12 13 1 11 11 12 13 8 13 14 3 4 7 11 12 13 8 13 14 10 9 5 12 13 11 11 12 13 
	Nodos visitados: 0 1 2 2 3 1 3 10 3 10 2 5 11 3 1 5 11 5 9 5 11 5 9 10 4 7 9 10 4 5 11 4 7 9 10 4 3 4 7 9 5 4 7 9 10 4 3 4 
Iteracion: 49
	Nodo: 7
	Nodos generados: 1 2 2 3 1 3 10 3 10 2 5 11 3 1 5 11 5 9 5 11 5 9 10 4 7 9 10 4 5 11 4 7 9 10 4 3 4 7 9 5 4 7 9 10 4 3 4 7 9 5 5 9 11 12 13 8 13 14 10 2 9 5 12 13 4 7 9 10 4 11 12 13 8 13 14 10 9 5 12 13 1 11 11 12 13 8 13 14 3 4 7 11 12 13 8 13 14 10 9 5 12 13 11 11 12 13 8 13 14 
	Nodos visitados: 0 1 2 2 3 1 3 10 3 10 2 5 11 3 1 5 11 5 9 5 11 5 9 10 4 7 9 10 4 5 11 4 7 9 10 4 3 4 7 9 5 4 7 9 10 4 3 4 7 
Iteracion: 50
	Nodo: 9
	Nodos generados: 1 2 2 3 1 3 10 3 10 2 5 11 3 1 5 11 5 9 5 11 5 9 10 4 7 9 10 4 5 11 4 7 9 10 4 3 4 7 9 5 4 7 9 10 4 3 4 7 9 5 5 9 11 12 13 8 13 14 10 2 9 5 12 13 4 7 9 10 4 11 12 13 8 13 14 10 9 5 12 13 1 11 11 12 13 8 13 14 3 4 7 11 12 13 8 13 14 10 9 5 12 13 11 11 12 13 8 13 14 
	Nodos visitados: 0 1 2 2 3 1 3 10 3 10 2 5 11 3 1 5 11 5 9 5 11 5 9 10 4 7 9 10 4 5 11 4 7 9 10 4 3 4 7 9 5 4 7 9 10 4 3 4 7 9 
Iteracion: 51
	Nodo: 5
	Nodos generados: 1 2 2 3 1 3 10 3 10 2 5 11 3 1 5 11 5 9 5 11 5 9 10 4 7 9 10 4 5 11 4 7 9 10 4 3 4 7 9 5 4 7 9 10 4 3 4 7 9 5 5 9 11 12 13 8 13 14 10 2 9 5 12 13 4 7 9 10 4 11 12 13 8 13 14 10 9 5 12 13 1 11 11 12 13 8 13 14 3 4 7 11 12 13 8 13 14 10 9 5 12 13 11 11 12 13 8 13 14 3 4 7 
	Nodos visitados: 0 1 2 2 3 1 3 10 3 10 2 5 11 3 1 5 11 5 9 5 11 5 9 10 4 7 9 10 4 5 11 4 7 9 10 4 3 4 7 9 5 4 7 9 10 4 3 4 7 9 5 
Iteracion: 52
	Nodo: 5
	Nodos generados: 1 2 2 3 1 3 10 3 10 2 5 11 3 1 5 11 5 9 5 11 5 9 10 4 7 9 10 4 5 11 4 7 9 10 4 3 4 7 9 5 4 7 9 10 4 3 4 7 9 5 5 9 11 12 13 8 13 14 10 2 9 5 12 13 4 7 9 10 4 11 12 13 8 13 14 10 9 5 12 13 1 11 11 12 13 8 13 14 3 4 7 11 12 13 8 13 14 10 9 5 12 13 11 11 12 13 8 13 14 3 4 7 4 7 9 
	Nodos visitados: 0 1 2 2 3 1 3 10 3 10 2 5 11 3 1 5 11 5 9 5 11 5 9 10 4 7 9 10 4 5 11 4 7 9 10 4 3 4 7 9 5 4 7 9 10 4 3 4 7 9 5 5 
Iteracion: 53
	Nodo: 9
	Nodos generados: 1 2 2 3 1 3 10 3 10 2 5 11 3 1 5 11 5 9 5 11 5 9 10 4 7 9 10 4 5 11 4 7 9 10 4 3 4 7 9 5 4 7 9 10 4 3 4 7 9 5 5 9 11 12 13 8 13 14 10 2 9 5 12 13 4 7 9 10 4 11 12 13 8 13 14 10 9 5 12 13 1 11 11 12 13 8 13 14 3 4 7 11 12 13 8 13 14 10 9 5 12 13 11 11 12 13 8 13 14 3 4 7 4 7 9 5 
	Nodos visitados: 0 1 2 2 3 1 3 10 3 10 2 5 11 3 1 5 11 5 9 5 11 5 9 10 4 7 9 10 4 5 11 4 7 9 10 4 3 4 7 9 5 4 7 9 10 4 3 4 7 9 5 5 9 
Iteracion: 54
	Nodo: 11
	Nodos generados: 1 2 2 3 1 3 10 3 10 2 5 11 3 1 5 11 5 9 5 11 5 9 10 4 7 9 10 4 5 11 4 7 9 10 4 3 4 7 9 5 4 7 9 10 4 3 4 7 9 5 5 9 11 12 13 8 13 14 10 2 9 5 12 13 4 7 9 10 4 11 12 13 8 13 14 10 9 5 12 13 1 11 11 12 13 8 13 14 3 4 7 11 12 13 8 13 14 10 9 5 12 13 11 11 12 13 8 13 14 3 4 7 4 7 9 5 
	Nodos visitados: 0 1 2 2 3 1 3 10 3 10 2 5 11 3 1 5 11 5 9 5 11 5 9 10 4 7 9 10 4 5 11 4 7 9 10 4 3 4 7 9 5 4 7 9 10 4 3 4 7 9 5 5 9 11 
Iteracion: 55
	Nodo: 12
	Nodos generados: 1 2 2 3 1 3 10 3 10 2 5 11 3 1 5 11 5 9 5 11 5 9 10 4 7 9 10 4 5 11 4 7 9 10 4 3 4 7 9 5 4 7 9 10 4 3 4 7 9 5 5 9 11 12 13 8 13 14 10 2 9 5 12 13 4 7 9 10 4 11 12 13 8 13 14 10 9 5 12 13 1 11 11 12 13 8 13 14 3 4 7 11 12 13 8 13 14 10 9 5 12 13 11 11 12 13 8 13 14 3 4 7 4 7 9 5 
	Nodos visitados: 0 1 2 2 3 1 3 10 3 10 2 5 11 3 1 5 11 5 9 5 11 5 9 10 4 7 9 10 4 5 11 4 7 9 10 4 3 4 7 9 5 4 7 9 10 4 3 4 7 9 5 5 9 11 12 
Iteracion: 56
	Nodo: 13
	Nodos generados: 1 2 2 3 1 3 10 3 10 2 5 11 3 1 5 11 5 9 5 11 5 9 10 4 7 9 10 4 5 11 4 7 9 10 4 3 4 7 9 5 4 7 9 10 4 3 4 7 9 5 5 9 11 12 13 8 13 14 10 2 9 5 12 13 4 7 9 10 4 11 12 13 8 13 14 10 9 5 12 13 1 11 11 12 13 8 13 14 3 4 7 11 12 13 8 13 14 10 9 5 12 13 11 11 12 13 8 13 14 3 4 7 4 7 9 5 7 
	Nodos visitados: 0 1 2 2 3 1 3 10 3 10 2 5 11 3 1 5 11 5 9 5 11 5 9 10 4 7 9 10 4 5 11 4 7 9 10 4 3 4 7 9 5 4 7 9 10 4 3 4 7 9 5 5 9 11 12 13 
Iteracion: 57
	Nodo: 8
	Nodos generados: 1 2 2 3 1 3 10 3 10 2 5 11 3 1 5 11 5 9 5 11 5 9 10 4 7 9 10 4 5 11 4 7 9 10 4 3 4 7 9 5 4 7 9 10 4 3 4 7 9 5 5 9 11 12 13 8 13 14 10 2 9 5 12 13 4 7 9 10 4 11 12 13 8 13 14 10 9 5 12 13 1 11 11 12 13 8 13 14 3 4 7 11 12 13 8 13 14 10 9 5 12 13 11 11 12 13 8 13 14 3 4 7 4 7 9 5 7 6 
	Nodos visitados: 0 1 2 2 3 1 3 10 3 10 2 5 11 3 1 5 11 5 9 5 11 5 9 10 4 7 9 10 4 5 11 4 7 9 10 4 3 4 7 9 5 4 7 9 10 4 3 4 7 9 5 5 9 11 12 13 8 
Iteracion: 58
	Nodo: 13
	Nodos generados: 1 2 2 3 1 3 10 3 10 2 5 11 3 1 5 11 5 9 5 11 5 9 10 4 7 9 10 4 5 11 4 7 9 10 4 3 4 7 9 5 4 7 9 10 4 3 4 7 9 5 5 9 11 12 13 8 13 14 10 2 9 5 12 13 4 7 9 10 4 11 12 13 8 13 14 10 9 5 12 13 1 11 11 12 13 8 13 14 3 4 7 11 12 13 8 13 14 10 9 5 12 13 11 11 12 13 8 13 14 3 4 7 4 7 9 5 7 6 4 
	Nodos visitados: 0 1 2 2 3 1 3 10 3 10 2 5 11 3 1 5 11 5 9 5 11 5 9 10 4 7 9 10 4 5 11 4 7 9 10 4 3 4 7 9 5 4 7 9 10 4 3 4 7 9 5 5 9 11 12 13 8 13 
Iteracion: 59
	Nodo: 14
//////////////////////////////////////////////
Ruta encontrada: 0 1 3 5 7 14
Coste: 44
